version https://git-lfs.github.com/spec/v1
oid sha256:8c56dcac1d2ef76ae0fc4936812e0a29d720bf1c46879d2bfad4472c17274598
size 3833820
