version https://git-lfs.github.com/spec/v1
oid sha256:5d1b785330f81761a7c21312ebef8e5d031a33a8bcd2eaa722c0fa866c147bf5
size 7694
